0 0 0 0
1 91.31026106292848 291235.28125 0.0036264583325037363 0.0
2 91.31026112334803 291235.28125 0.0036259538827393793 0.0
3 91.31026106257923 291235.28125 0.003640671044020325 0.0
4 91.31026181054767 291235.28125 0.003655233699336793 0.0
5 91.31026106490754 291235.28125 0.0036274659487186443 0.0
6 91.31026112230029 291235.28125 0.003635625763806888 0.0
7 91.31026109470986 291235.28125 0.0036477986112479557 0.0
8 91.37197709421162 291075.53125 0.38321731986422125 3255407.0
9 91.38840798230376 290140.03125 0.061495210680082915 3255407.0
10 92.30512637947686 288987.9375 1.6380878718448943 3283084.5
11 94.85309883137234 287812.78125 3.292904630960307 3283192.0
12 99.0092707957374 286660.6875 4.961500014675814 3283369.75
13 104.99211240909062 285485.5625 6.710840340839169 3283626.75
14 112.78460609249305 284310.40625 8.508614850845092 3283962.5
15 122.4363176736515 283135.25 10.35523328724534 3284378.0
16 133.9971878004726 281960.125 12.250986201412637 3284875.25
17 147.5175601815572 280785.0 14.19620257755137 3285456.0
18 163.04815109656192 279609.84375 16.191337575849182 3286121.5
19 180.64000692451373 278434.6875 18.236712724081077 3286873.25
20 200.34450719633605 277259.5625 20.332595508363156 3287712.5
21 222.21337380004115 276084.40625 22.479322240155476 3288640.25
22 246.29866581910755 274909.25 24.677262337921235 3289657.0
23 272.6527422175277 273734.09375 26.926662653370666 3290764.25
24 301.3282124539837 272558.96875 29.22773480125385 3291962.75
25 332.37793325434905 271383.84375 31.58073545460835 3293252.75
26 365.8549521751702 270208.6875 33.98589155638511 3294634.25
27 402.5427832030691 269010.5 36.49206596897167 3296138.0
28 441.0846785583999 267835.34375 39.00305220106265 3297705.25
29 482.215287484345 266660.1875 41.56665278678339 3299364.75
30 525.9883649353869 265485.0625 44.18299789123021 3301115.75
31 572.4576451042667 264309.90625 46.852196612911136 3302958.0
32 621.677038122667 263134.78125 49.57356576903817 3304890.25
33 673.6980391280958 261959.640625 52.343735183345835 3306912.25
34 728.5653237202205 260784.484375 55.14929214488169 3309022.75
35 786.3089355853153 259609.34375 57.991250035853504 3311219.0
36 846.9643061099341 258434.203125 60.88241704603577 3313499.75
37 910.5646597557934 257259.0625 63.83509018258771 3315861.25
38 977.1710253001656 256083.90625 66.85024167867115 3318304.5
39 1045.3906357303495 254931.8125 69.84474897245495 3320774.5
40 1117.9629118551966 253756.671875 72.97761403093914 3323365.75
41 1193.5971260052174 252581.53125 76.19710563804904 3326027.75
42 1272.3418525101151 251406.390625 79.50399589395536 3328759.25
43 1354.2284732029075 250231.234375 82.90750179523596 3331555.75
44 1439.3180453875102 249056.09375 86.39323415059044 3334415.75
45 1527.6849144384032 247880.953125 89.92365066953052 3337338.5
46 1619.366243531229 246705.796875 93.53177421933887 3340322.0
47 1714.3661559266038 245530.65625 97.22143615960884 3343360.75
48 1812.7047397665447 244355.53125 100.9602130598738 3346449.75
49 1914.4382339456351 243180.375 104.74143038650715 3349588.75
50 2019.6004375085467 242005.234375 108.58260826296771 3352774.0
51 2128.2075263424776 240830.09375 112.49738855910795 3356001.5
52 2240.271439180826 239654.9375 116.4418667588236 3359266.5
53 2355.872917510802 238479.796875 120.40093043631607 3362569.0
54 2475.0497775803087 237304.640625 124.41844722342 3365905.25
55 2597.8041580050485 236129.515625 128.51598461761893 3369271.0
56 2724.1605677114567 234954.375 132.64115056422315 3372661.75
57 2854.222357300343 233779.21875 136.78637290033564 3376078.25
58 2990.685414975742 232581.046875 141.11636554523986 3379585.0
59 3128.263134106761 231405.890625 145.46155620666258 3383039.75
60 3272.423109731637 230207.703125 149.85387907091928 3386576.25
61 3417.7415077043697 229032.5625 154.22473615583377 3390059.75
62 3566.9109190886375 227857.421875 158.7047318450955 3393551.25
63 3719.963004046236 226682.28125 163.1738346322367 3397047.0
64 3877.0290038645035 225507.125 167.68102543948802 3400549.0
65 4038.088041402283 224331.984375 172.29651600868561 3404051.0
66 4203.158833717578 223156.84375 176.92844421325805 3407549.0
67 4375.730789636495 221958.65625 181.6342434482077 3411112.5
68 4549.17944237031 220783.515625 186.3983970050794 3414600.75
69 4726.755923520192 219608.375 191.22796968442944 3418076.75
70 4908.522294850438 218433.21875 196.0553058902146 3421538.5
71 5094.601487232838 217258.078125 200.85365048273326 3424985.5
72 5285.125599649269 216082.9375 205.71503961819062 3428418.0
73 5480.042709286441 214907.796875 210.8009221360049 3431831.25
74 5679.264978309395 213732.640625 216.2201205401424 3435221.0
75 5882.597928058356 212557.5 221.97722701576677 3438578.0
76 6089.970650277799 211382.359375 227.96643996376156 3441898.75
77 6301.254906107904 210207.21875 234.10040065607842 3445176.5
78 6516.5448060286 209032.078125 240.28349006713043 3448412.5
79 6735.887134605902 207856.921875 246.56038849041798 3451606.25
80 6959.267544150469 206681.796875 252.95291264704719 3454754.0
81 7186.658835509676 205506.640625 259.3938874410854 3457851.5
82 7418.200952708488 204331.5 265.82270032770975 3460900.25
83 7653.971106046811 203156.359375 272.247495459961 3463899.75
84 7893.826290351921 201981.21875 278.504285300689 3466844.5
85 8137.545129793696 200806.0625 284.3634867609416 3469729.75
86 8384.843791914755 199630.921875 289.74957114536403 3472551.75
87 8635.319432831835 198455.78125 294.6833113535515 3475304.0
88 8888.572256216547 197280.625 299.188174601432 3477981.75
89 9144.308600806398 196105.484375 303.4517335761924 3480566.5
90 9402.348756593186 194930.34375 307.6225957253461 3483050.75
91 9662.543768193922 193755.203125 311.8027392579581 3485434.75
92 9924.771975343581 192580.0625 316.06718385958766 3487720.5
93 10188.955555618624 191404.90625 320.46079477243177 3489910.25
94 10455.075095178909 190229.765625 324.9936827275049 3492006.75
95 10723.176929748268 189054.625 329.69002897214006 3494014.0
96 10993.392848483287 187879.484375 334.58792492219425 3495937.0
97 11265.90122686373 186704.328125 339.7017397626164 3497778.25
98 11540.888189809164 185529.203125 345.06036294145156 3499542.75
99 11818.526027133572 184354.046875 350.6945536099106 3501232.5
100 12098.959158933372 183178.90625 356.62432058040287 3502850.5
101 12382.31983608962 182003.765625 362.86610800800383 3504400.5
102 12668.742432641098 180828.625 369.3994788345788 3505884.25
103 12952.661187878344 179676.515625 376.06527547163813 3507276.75
104 13245.603845569538 178501.375 383.1217622881566 3508636.0
105 13542.128873965004 177326.234375 390.4481301295376 3509937.0
106 13842.459645304945 176151.078125 398.06842083545945 3511182.75
107 14146.817669413402 174975.9375 406.00972250882813 3512375.25
108 14455.40798852325 173800.796875 414.29251084742793 3513515.5
109 14768.419307017699 172625.65625 422.9238785030498 3514604.5
110 15086.037965812953 171450.515625 431.8985800145235 3515643.5
111 15408.467816382414 170275.359375 441.20579500343905 3516634.25
112 15735.946285529411 169100.21875 450.84064978547383 3517578.0
113 16068.747905739583 167925.078125 460.80805987790427 3518476.5
114 16400.48024173896 166772.96875 470.9162188170463 3519316.25
115 16744.711010021158 165597.828125 481.5836464125962 3520132.5
116 17095.15135495586 164422.6875 492.6205799077022 3520911.0
117 17452.07371674187 163247.546875 504.02834459468966 3521651.5
118 17815.74346360087 162072.390625 515.7982117178511 3522355.0
119 18186.43619374116 160897.25 527.9146500742389 3523021.75
120 18564.453168603708 159722.109375 540.3611402996235 3523652.5
121 18950.123745544 158546.96875 553.1185562170097 3524248.0
122 19343.791071831714 157371.828125 566.1710746392607 3524809.5
123 19745.7921567586 156196.671875 579.5082190492111 3525338.5
124 20156.43692446756 155021.53125 593.1188455043618 3525836.5
125 20575.99844054086 153846.390625 606.9889681474111 3526305.0
126 21004.722635965212 152671.25 621.1123818183786 3526747.25
127 21442.86906944972 151496.09375 635.4524630272183 3527164.75
128 21890.72397193848 150320.953125 650.252619250838 3527559.25
129 22347.86269700236 149145.8125 665.5637916326897 3527929.0
130 22814.088304167148 147970.671875 681.3962581300123 3528274.5
131 23289.118967264192 146795.53125 697.5651513611199 3528595.25
132 23763.63401113171 145643.421875 713.8140686480555 3528886.75
133 24256.067024679272 144468.28125 730.8718913828793 3529161.25
134 24756.84967400087 143293.125 748.2985154033229 3529413.25
135 25265.996685294318 142117.984375 766.0359388372274 3529644.25
136 25783.51918949408 140942.84375 784.075704923919 3529856.0
137 26309.27718111407 139767.703125 802.4741922312157 3530050.25
138 26832.681413111044 138615.59375 820.9034094914069 3530226.0
139 27374.690262473538 137440.453125 840.0638002397991 3530391.75
140 27925.10858958622 136265.3125 859.5599412662057 3530544.25
141 28583.656970404903 135067.125 881.3621518217132 3530684.0
142 29164.19629798003 133684.59375 903.5692068864172 3530833.0
143 29845.66235704301 132486.421875 926.1851490348205 3530949.0
144 30481.539087080746 131103.890625 950.4441942412909 3531068.5
145 31140.27148320549 129836.578125 973.908276554282 3531166.25
146 31773.48481036024 128546.2265625 996.4569177687024 3531254.75
147 32390.956534742727 127348.046875 1018.4853369206104 3531329.25
148 33016.60299369902 126172.8984375 1040.8842360613753 3531394.25
149 33763.41293369513 124974.7109375 1065.8885693017241 3531454.0
150 34483.41213368438 123592.1875 1093.123486772908 3531518.0
151 35147.28537967743 122835.2734375 1103.716218840653 0.0
152 35805.59437606949 122835.2734375 1098.0182519141301 0.0
153 36507.13994967833 109460.2734375 1092.6542079178214 0.0
154 37137.29673207784 109460.2734375 1086.9977385212064 0.0
155 37748.02014356735 107931.3359375 1081.922450332935 0.0
156 38351.65579921962 106096.578125 1076.7910538188128 0.0
157 38939.120866263635 76406,8828125 1071.8788779966972 0.0
158 39541.06388216524 76406.8828125 1067.8409945256274 0.0
159 40135.94849099335 76406.8828125 1062.640454653246 0.0
160 40723.53595322149 76406.8828125 1057.5242559018131 0.0
161 41303.859107836615 76406.8828125 1052.4884570244624 0.0
162 41881.93209306442 75863.0390625 1069.5876354838138 1999925.25
163 42467.29041391646 75202.640625 1091.6792436202816 1999931.75
164 43084.02713907848 74542.2578125 1114.4973967863427 1999937.875
165 43685.31282046356 73855.96875 1137.596195920903 1999944.0
166 44293.62806059793 73195.578125 1160.5502399863487 1999949.125
167 44908.6985828859 72535.1953125 1183.8247691878873 1999954.125
168 45531.01541208627 71874.796875 1207.4309352167982 1999958.5
169 46149.25871573365 71227.3671875 1230.8533649656913 1999962.375
170 46789.57698510797 70566.984375 1255.00833937193 1999966.375
171 47439.27354962693 69906.5859375 1279.5145878592084 1999969.875
172 48095.15484775149 69246.2109375 1303.8048697753304 1999973.0
173 48752.38309330994 68585.8125 1327.336326324906 1999975.875
174 49407.692417498794 67925.4375 1350.3620471293361 1999978.375
175 50059.63765258342 67265.0390625 1373.6161748255918 1999980.75
176 50707.925950126024 66604.65625 1397.4409984109789 1999982.75
177 51352.8497929353 65944.265625 1421.9241491811435 1999984.5
178 51982.477812969126 65296.83203125 1446.5929971280718 1999986.375
179 52622.615111285704 64636.4375 1472.4165839848229 1999987.875
180 53260.94215937122 64247.98046875 1486.3758928243892 0.0
181 53894.97289945441 64247.98046875 1482.732373785512 0.0
182 54524.11507766135 64247.98046875 1479.1267927519227 0.0
183 55148.37985242903 64247.98046875 1475.5581600715805 0.0
184 55767.7778323713 64247.98046875 1472.0254854169293 0.0
185 56382.31907918572 64247.98046875 1468.5278595561158 0.0
186 56992.01315036067 64247.98046875 1465.0644977285801 0.0
187 57596.86912400543 64247.98046875 1461.6345288068178 0.0
188 58196.89551793004 64247.98046875 1458.2367819385556 0.0
189 58792.10032619606 64247.98046875 1454.8702328666775 0.0
190 59370.96104438009 64247.98046875 1451.5991673319431 0.0
191 59956.639207112836 64247.98046875 1448.292130206885 0.0
192 60537.51738141861 64247.98046875 1445.0143750957395 0.0
193 61102.35254814918 64247.98046875 1441.8289666470089 0.0
194 61673.74455744447 64247.98046875 1438.6081880653664 0.0
195 62229.29200304579 64247.98046875 1435.4780973036952 0.0
196 62802.19352469011 64247.98046875 1432.2515348457496 0.0
197 63370.13826972083 64247.98046875 1429.0542528394953 0.0
198 63933.13278906909 64247.98046875 1425.8862805314152 0.0
199 64480.49844143505 64247.98046875 1422.8077018153467 0.0
200 65023.11481212231 64247.98046875 1419.7572913257513 0.0
201 65560.98794683989 64247.98046875 1416.7349857900313 0.0
202 66094.12380535481 64247.98046875 1413.7406801988823 0.0
203 66622.52825038624 64247.98046875 1410.7742104722947 0.0
204 67146.20700232428 64247.98046875 1407.8352581372928 0.0
205 67665.16559313214 64247.98046875 1404.9234644452654 0.0
206 68179.40939183475 64247.98046875 1402.0385747511536 0.0
207 68688.94363346114 64247.98046875 1399.180389717908 0.0
208 69193.77341962804 64247.98046875 1396.3486429808522 0.0
209 69693.90367857157 64247.98046875 1393.542896995079 0.0
210 70189.36443204724 64247.98046875 1390.7625085066052 0.0
211 70680.1812404726 64247.98046875 1388.0070472689772 0.0
212 71166.31195226999 64247.98046875 1385.2765190886057 0.0
213 71638.36563483742 64247.98046875 1382.6237343208036 0.0
214 72115.22859085375 64247.98046875 1379.9425813130351 0.0
215 72587.4180362674 64247.98046875 1377.2863605625714 0.0
216 73054.938104862 64247.98046875 1374.6550729396479 0.0
217 73517.79288740084 64247.98046875 1372.048720170972 0.0
218 73975.98642821761 64247.98046875 1369.4673043773923 0.0
219 74429.52273047436 64247.98046875 1366.9108285294453 0.0
220 74860.88177452318 64247.98046875 1364.4781100298324 0.0
221 75305.29766620626 64247.98046875 1361.970546323331 0.0
222 75745.06790563604 64247.98046875 1359.4879342536697 0.0
223 76180.19632180547 64247.98046875 1357.0302789096097 0.0
224 76610.68669785769 64247.98046875 1354.597585859479 0.0
225 77036.54277716717 64247.98046875 1352.1898612875038 0.0
226 77457.76825455006 64247.98046875 1349.8071117289016 0.0
227 77874.36678556784 64247.98046875 1347.4493443323497 0.0
228 78286.34198061284 64247.98046875 1345.116566593631 0.0
229 78693.69740776159 64247.98046875 1342.8087866324877 0.0
230 79088.58409502637 64247.98046875 1340.5705327090031 0.0
231 79486.80093617796 64247.98046875 1338.3122834797964 0.0
232 79880.40839319595 64247.98046875 1336.0790584640254 0.0
233 80269.40166238358 64247.98046875 1333.8708763653963 0.0
234 80653.80049459543 64247.98046875 1331.6877294715473 0.0
235 81033.60001227481 64247.98046875 1329.5296371393163 0.0
236 81408.803488935 64247.98046875 1327.3966101628416 0.0
237 81779.41415528813 64247.98046875 1325.2886598137245 0.0
238 82145.4351994046 64247.98046875 1323.2057975188911 0.0
239 82506.86976846284 64247.98046875 1321.148035072636 0.0
240 82856.76792094065 64247.98046875 1319.1549991385696 0.0
241 83209.12859700306 64247.98046875 1317.1469803822656 0.0
242 83556.91193187493 64247.98046875 1315.1640985698518 0.0
243 83900.12090753368 64247.98046875 1313.2063665104843 0.0
244 84238.75846460299 64247.98046875 1311.2737974713223 0.0
245 84566.32102379214 64247.98046875 1309.4035626282507 0.0
246 84895.91389912844 64247.98046875 1307.5208660089486 0.0
247 85220.94387910177 64247.98046875 1305.6633729921512 0.0
248 85541.41374085587 64247.98046875 1303.83109767472 0.0
249 85857.3262230024 64247.98046875 1302.0240542808026 0.0
250 86168.68402077025 64247.98046875 1300.2422572005057 0.0
251 86475.48979114601 64247.98046875 1298.4857208879992 0.0
252 86777.7461513126 64247.98046875 1296.7544601341351 0.0
253 87075.45567497716 64247.98046875 1295.0484896145267 0.0
254 87368.62089846097 64247.98046875 1293.3678242474657 0.0
255 87657.24431651423 64247.98046875 1291.712479067769 0.0
256 87946.85330093256 64247.98046875 1290.0507616077452 0.0
257 88226.3114990535 64247.98046875 1288.446599469924 0.0
258 88501.23518460419 64247.98046875 1286.8678033457772 0.0
259 88771.62669077958 64247.98046875 1285.3143884374927 0.0
260 89037.4883142733 64247.98046875 1283.7863700876496 0.0
261 89303.9012613286 64247.98046875 1282.2545549209087 0.0
262 89560.62113283447 64247.98046875 1280.7778744682114 0.0
263 89812.817811182 64247.98046875 1279.3266369050077 0.0
264 90055.68048929621 64247.98046875 1277.9285691925709 0.0
265 90298.92573683511 64247.98046875 1276.5277636896678 0.0
266 90537.65404279786 64247.98046875 1275.1524466451922 0.0
267 90771.86742436944 64247.98046875 1273.802633282406 0.0
268 91001.56786291418 64247.98046875 1272.4783386866711 0.0
269 91226.75729938247 64247.98046875 1271.1795779774088 0.0
270 91447.43763577717 64247.98046875 1269.9063661412529 0.0
271 91663.61073526728 64247.98046875 1268.6587179858116 0.0
272 91875.27842168626 64247.98046875 1267.436648349077 0.0
273 92082.44248123711 64247.98046875 1266.2401718472868 0.0
274 92285.10466027446 64247.98046875 1265.069302996446 0.0
275 92483.26666766824 64247.98046875 1263.9240562015195 0.0
276 92676.9301723988 64247.98046875 1262.8044456806106 0.0
277 92866.09680556576 64247.98046875 1261.710485503737 0.0
278 93050.76816012012 64247.98046875 1260.6421895614255 0.0
279 93234.43377510505 64247.98046875 1259.5995715424472 0.0
280 93416.82578409498 64247.98046875 1258.543289245404 0.0
281 93587.7563581611 64247.98046875 1257.5339169035162 0.0
282 93754.19772395317 64247.98046875 1256.5699262315484 0.0
283 93916.15127963759 64247.98046875 1255.6316670861838 0.0
284 94073.61838548176 64247.98046875 1254.7191520181689 0.0
285 94229.55518657132 64247.98046875 1253.8323934946238 0.0
286 94380.83060961473 64247.98046875 1252.9381645895007 0.0
287 94524.67038717098 64247.98046875 1252.1039665282456 0.0
288 94664.02882400632 64247.98046875 1251.2955611208986 0.0
289 94798.90708905179 64247.98046875 1250.5129596438303 0.0
290 94929.30631289538 64247.98046875 1249.7561731892995 0.0
291 95055.22758956859 64247.98046875 1249.0252125267693 0.0
292 95176.67197374254 64247.98046875 1248.3200881355128 0.0
293 95293.64048337052 64247.98046875 1247.6408101507404 0.0
294 95410.45444255485 64247.98046875 1246.9748347098844 0.0
295 95518.29867530137 64247.98046875 1246.3357495819218 0.0
296 95621.66989464045 64247.98046875 1245.7350835017658 0.0
297 95720.56896685273 64247.98046875 1245.1603016491806 0.0
298 95814.99671927234 64247.98046875 1244.6114124954647 0.0
299 95904.95394194685 64247.98046875 1244.0884242635861 0.0
300 95990.4413878168 64247.98046875 1243.59134475403 0.0
301 96071.45977214049 64247.98046875 1243.120181466399 0.0
302 96148.00977199175 64247.98046875 1242.6749414789176 0.0
303 96220.09202851832 64247.98046875 1242.2556316024431 0.0
304 96287.70714374271 64247.98046875 1241.8622581931486 0.0
305 96350.85568329017 64247.98046875 1241.4948272052552 0.0
306 96409.53817566659 64247.98046875 1241.1533443268734 0.0
307 96464.66700456745 63898.36328125 1257.6560564802355 2000000.0
308 96513.81035482546 63237.97265625 1289.435396560154 2000000.0
309 96558.77245005919 62577.5859375 1321.608690859031 2000000.0
310 96600.09595493611 61917.1953125 1354.1547361349865 2000000.0
311 96637.58975312882 61256.8046875 1387.0658448930094 2000000.0
312 96670.83535179764 60596.421875 1420.3535834563386 2000000.0
313 96700.04947090382 59936.03515625 1454.049954774936 2000000.0
314 96726.11385905452 59275.6484375 1488.1492050076497 2000000.0
315 96749.67593155173 58615.2578125 1522.646404086674 2000000.0
316 96770.53018866049 57954.87109375 1557.549161707326 2000000.0
317 96788.18556372682 57294.48828125 1592.863772199062 2000000.0
318 96802.91898639873 56634.09765625 1628.6114453912658 2000000.0
319 96815.76482012635 55973.70703125 1664.7819421777247 2000000.0
320 96827.42217413918 55313.3203125 1701.3883525325548 2000000.0
321 96837.5527194204 54652.9296875 1738.4506933275877 2000000.0
322 96845.59192769066 53992.54296875 1775.970474008738 2000000.0
323 96852.0303142122 53332.16015625 1813.9590874179398 2000000.0
324 96858.0879853 52671.76953125 1852.4050325039484 2000000.0
325 96864.3225990095 52011.3828125 1891.3465265329817 2000000.0
326 96869.98120827298 51350.99609375 1930.7978506764027 2000000.0
327 96874.5393525036 50690.60546875 1970.7583215931963 2000000.0
328 96878.90611959028 50030.21875 2011.242089000856 2000000.0
329 96884.19425164862 49473.421875 2045.7814205609795 0.0
330 96889.95872982033 49473.421875 2045.7610874835054 0.0
331 96895.70817978284 49473.421875 2045.7408074610341 0.0
332 96901.4425403761 49473.421875 2045.720580778128 0.0
333 96901.8916541572 49473.421875 2045.718996632094 0.0
334 96901.8916541572 49473.421875 2045.718996632094 0.0
335 96904.9135087874 49473.421875 2045.7083334485276 0.0
336 96910.62347865093 49473.421875 2045.6881929062458 0.0
337 96916.31819693698 49473.421875 2045.6681062120103 0.0
338 96921.99760383263 49473.421875 2045.6480736439255 0.0
339 96927.66163777921 49473.421875 2045.6280953356381 0.0
340 96933.19962877303 49473.421875 2045.608561694287 0.0
341 96938.83303580864 49473.421875 2045.5886915572844 0.0
342 96944.45088889275 49473.421875 2045.5688763741089 0.0
343 96950.05312663876 49473.421875 2045.549116333399 0.0
344 96955.63968812779 49473.421875 2045.5294116342382 0.0
345 96961.10143304488 49473.421875 2045.5101472502158 0.0
346 96966.65677271341 49473.421875 2045.4905528080265 0.0
347 96972.1962572115 49473.421875 2045.4710143856912 0.0
348 96977.7198265614 49473.421875 2045.451532132606 0.0
349 96983.22742204985 49473.421875 2045.4321062735958 0.0
350 96988.71898362739 49473.421875 2045.4127370582203 0.0
351 96994.1944523406 49473.421875 2045.393424668597 0.0
352 96999.65376883082 49473.421875 2045.3741693043673 0.0
353 97005.09687468852 49473.421875 2045.3549711709964 0.0
354 97010.52371075249 49473.421875 2045.3358304967758 0.0
355 97015.93421932962 49473.421875 2045.3167474545626 0.0
356 97021.32112026005 49473.421875 2045.2977434707743 0.0
357 97026.69879734993 49473.421875 2045.278776369173 0.0
358 97032.05997249647 49473.421875 2045.2598675169263 0.0
359 97037.40458701854 49473.421875 2045.2410171404188 0.0
360 97042.62827339489 49473.421875 2045.2225933191944 0.0
361 97047.93270219292 49473.421875 2045.2038804912581 0.0
362 97053.22761998652 49473.421875 2045.1852055681384 0.0
363 97058.50574970304 49473.421875 2045.1665899113893 0.0
364 97063.76703424903 49473.421875 2045.1480337110186 0.0
365 97069.00900990481 49473.421875 2045.1295442366127 0.0
366 97074.23162079195 49473.421875 2045.1111216984464 0.0
367 97079.44202955381 49473.421875 2045.0927451179625 0.0
368 97084.73702699563 49473.421875 2045.0740702507103 0.0
369 97090.72324637428 49473.421875 2045.0529575934818 0.0
370 97095.87923717138 49473.421875 2045.0347730985682 0.0
371 97101.0179798042 49473.421875 2045.0166494908733 0.0
372 97102.72705177555 49473.421875 2045.0106218536766 0.0
373 97108.03575288109 49473.421875 2044.9918946109458 0.0
374 97113.13335327595 49473.421875 2044.9739162300484 0.0
375 97118.21351999161 49473.421875 2044.955999397683 0.0
376 97123.26897958317 49473.421875 2044.9381654424499 0.0
377 97128.31411414966 49473.421875 2044.9203722388058 0.0
378 97133.34165175306 49473.421875 2044.9026411554194 0.0
379 97138.35153819353 49473.421875 2044.884972371944 0.0
380 97143.53912891948 49473.421875 2044.8670214689737 0.0
381 97148.50563501264 49473.421875 2044.8491569089886 0.0
382 97153.46154392546 49473.421875 2044.831678638711 0.0
383 97158.39958485623 49473.421875 2044.8142634345966 0.0
384 97163.3197043516 49473.421875 2044.796911470346 0.0
385 97168.22184977913 49473.421875 2044.779622933378 0.0
386 97173.20155437372 49473.421875 2044.76206092171 0.0
387 97178.06723787496 49473.421875 2044.7449010800024 0.0
388 97182.91478815663 49473.421875 2044.7278052153158 0.0
389 97187.74415373802 49473.421875 2044.7107735389866 0.0
390 97192.64943463658 49473.421875 2044.6934741683458 0.0
391 97197.34812028939 49473.421875 2044.6769034340005 0.0
392 97202.12261872063 49473.421875 2044.6600653647831 0.0
393 97206.87872523675 49473.421875 2044.643292214286 0.0
394 97211.61638852535 49473.421875 2044.6265841464756 0.0
395 97216.33555804647 49473.421875 2044.6099413328334 0.0
396 97221.03618220321 49473.421875 2044.5933639506973 0.0
397 97225.71821080928 49473.421875 2044.5768521883917 0.0
398 97230.38159381342 49473.421875 2044.5604062206153 0.0
399 97235.11716613348 49473.421875 2044.5437057054332 0.0
400 97239.65222195431 49473.421875 2044.527712370466 0.0
401 97244.25936701184 49473.421875 2044.5114648443132 0.0
402 97248.84766649827 49473.421875 2044.4952838074487 0.0
403 97253.41707130347 49473.421875 2044.4791694330956 0.0
404 97257.9675323416 49473.421875 2044.4631219050232 0.0
405 96750.74512764905 49473.421875 2046.2511560746434 0.0
406 94700.15881593851 49473.421875 2053.491443574407 0.0
407 94613.63476770755 49473.421875 2052.3319326159058 0.0
408 97708.44769070018 49473.421875 2043.2629695584683 0.0
409 94023.58456155937 49473.421875 2056.923709388127 0.0
410 95822.25024421909 49473.421875 2049.528303783962 0.0
411 96880.33839285444 49473.421875 2045.7949954289334 0.0
412 93297.01609233173 49473.421875 2058.4280925933153 0.0
413 97241.59334288316 49473.421875 2044.519841964337 0.0
414 94885.93400451762 49473.421875 2052.835125150331 0.0
415 94838.96596474189 49473.421875 2053.0016296857466 0.0
416 96973.29625476024 49473.421875 2045.4671083481187 0.0
417 93293.5105208034 49473.421875 2058.4654955966716 0.0
418 97421.9180478009 49473.421875 2043.884052779458 0.0
419 94589.51839481294 49473.421875 2053.8824142787435 0.0
420 95146.385929388 49473.421875 2051.915408942339 0.0
421 97553.80397674884 49473.421875 2044.1633118813781 0.0
422 93330.07333356002 49473.421875 2058.335906883087 0.0
423 95940.57077636803 49473.421875 2046.2790055215617 0.0
424 96403.81164143363 49473.421875 2047.4761258765454 0.0
425 93901.69379660289 49473.421875 2056.314819599502 0.0
426 97708.55746432708 49473.421875 2042.8741151891866 0.0
427 93504.11214753601 49473.421875 2057.7200164651686 0.0
428 95821.56249618798 49473.421875 2048.0347540547145 0.0
429 97196.19511662971 49473.421875 2045.7930648644658 0.0
430 93376.01039869292 49473.421875 2058.4527302967203 0.0
431 96935.49288265547 49473.421875 2045.5994078174874 0.0
432 95751.82871303265 49473.421875 2049.7771820393314 0.0
433 94077.1593828823 49473.421875 2055.69439749311 0.0
434 97658.13867039478 49473.421875 2043.051945614692 0.0
435 94175.75957404461 49473.421875 2056.4826008856794 0.0
436 95626.35221318016 49473.421875 2050.220057715721 0.0
437 97029.73909971304 49473.421875 2045.2680422310102 0.0
438 93290.2244337314 49473.421875 2058.284994751295 0.0
439 97381.87111803552 49473.421875 2044.0252111043876 0.0
440 94659.42221815279 49473.421875 2053.6354003977676 0.0
441 95071.44901169348 49473.421875 2052.18015807478 0.0
442 96784.49160080776 49473.421875 2046.133100335136 0.0
443 93321.00144080503 49473.421875 2058.3683320464515 0.0
444 97533.33425634424 49473.421875 2043.4912712852663 0.0
445 94376.58263441105 49473.421875 2054.63492626487 0.0
446 94953.72560318804 49473.421875 2052.596101577813 0.0
447 97196.64902960032 49473.421875 2044.6793776700856 0.0
448 93303.94107594958 49473.421875 2058.428655641608 0.0
449 97480.15369151824 49473.421875 2043.6787317153571 0.0
450 94482.17180667154 49473.421875 2054.2617697551564 0.0
451 95264.63798868668 49473.421875 2051.497658795799 0.0
452 96974.33633335028 49473.421875 2045.4634216303466 0.0
453 93310.46153225552 49473.421875 2058.4657899331673 0.0
454 97162.41763988603 49473.421875 2044.7990425762 0.0
455 95004.09086764976 49473.421875 2052.4176855475826 0.0
456 94723.52825002582 49473.421875 2053.40958339741 0.0
457 97343.7708758245 49473.421875 2044.160538899301 0.0
458 93334.84266257077 49473.421875 2058.319423302493 0.0
459 97563.30632167123 49473.421875 2043.3856379828048 0.0
460 94702.10794467921 49473.421875 2053.4845743182136 0.0
461 94611.72364316799 49473.421875 2053.804708197629 0.0
462 97409.3712893111 49473.421875 2043.9292116176719 0.0
463 93313.73967302532 49473.421875 2058.3940234564197 0.0
464 97513.77784446673 49473.421875 2043.5602105542996 0.0
465 94416.41087599436 49473.421875 2054.4941741129487 0.0
466 95775.29861785413 49473.421875 2049.6940948376214 0.0
467 96554.32018660975 49473.421875 2046.9450706478178 0.0
468 93548.71152359108 49473.421875 2057.5631146251276 0.0
469 97630.69422037271 49473.421875 2042.8268000547102 0.0
470 94523.18613543373 49473.421875 2054.116821049812 0.0
471 95218.98653883475 49473.421875 2051.6589251039013 0.0
472 97008.60142331885 49473.421875 2045.3425838737146 0.0
473 93351.15074706427 49473.421875 2058.2617498892546 0.0
474 97397.26824306906 49473.421875 2043.2881406519132 0.0
475 95482.73434214958 49473.421875 2052.25910592186 0.0
476 94680.66180654813 49473.421875 2053.561055859646 0.0
477 97369.39363567333 49473.421875 2044.0701855539062 0.0
478 93289.74451477604 49473.421875 2058.478751360472 0.0
479 97545.1426278773 49473.421875 2043.4496347176196 0.0
480 94351.88710531313 49473.421875 2054.7222180426884 0.0
481 95413.7394182937 49473.421875 2050.9709877482323 0.0
482 96858.66870932432 49473.421875 2045.8714342079402 0.0
483 93405.37283707154 49473.421875 2058.070013113093 0.0
484 97493.36429241882 49473.421875 2043.632154727101 0.0
485 94456.6995127066 49473.421875 2054.3517754706845 0.0
486 95729.60444386653 49473.421875 2049.8554406394655 0.0
487 97490.75979362079 49473.421875 2044.4732492559392 0.0
488 93306.69562885596 49473.421875 2058.418671663887 0.0
489 97181.54053164704 49473.421875 2044.7316042366979 0.0
490 93310.30958378408 49473.421875 2058.406124388405 0.0
491 95956.31436596403 49473.421875 2049.0549562511183 0.0
492 95949.1167817997 49473.421875 2049.080367750374 0.0
493 95941.91436406586 49473.421875 2049.1057964894608 0.0
494 95934.70719039754 49473.421875 2049.1312421379753 0.0
495 95927.35388673982 49473.421875 2049.1572039012485 0.0
496 95920.13734935853 49473.421875 2049.18268294043 0.0
497 95912.91629492759 49473.421875 2049.208178117187 0.0
498 95905.82527341705 49473.421875 2049.2332100552403 0.0
499 95898.59550385165 49473.421875 2049.25873628668 0.0
500 95891.36145034246 49473.421875 2049.284277787146 0.0
501 95884.12319167168 49473.421875 2049.3098343090237 0.0
502 95876.8808064533 49473.421875 2049.3354055467685 0.0
503 95869.63437466789 49473.421875 2049.360991253792 0.0
504 95862.38397478801 49473.421875 2049.3865911120083 0.0
505 95855.12968552404 49473.421875 2049.412204864285 0.0
506 95847.87158547447 49473.421875 2049.437832171925 0.0
507 95840.6097536023 49473.421875 2049.4634728813767 0.0
508 95833.33702197915 49473.421875 2049.4891479605767 0.0
509 95826.20328174287 49473.421875 2049.5143324572705 0.0
510 95819.07342996215 49473.421875 2049.539507639445 0.0
511 95811.64523630275 49473.421875 2049.5657307299794 0.0
512 95804.3660003969 49473.421875 2049.59143371459 0.0
513 95797.07625921152 49473.421875 2049.6171696662027 0.0
514 95789.79058798053 49473.421875 2049.642895584641 0.0
515 95782.50181832863 49473.421875 2049.6686326857575 0.0
516 95775.34578432853 49473.421875 2049.6938969250473 0.0
517 95768.05111168651 49473.421875 2049.7196551264124 0.0
518 95760.61046053038 49473.421875 2049.745928952613 0.0
519 95753.31008950144 49473.421875 2049.7717076229355 0.0
520 95746.00701668253 49473.421875 2049.797495993061 0.0
521 95738.70132228592 49473.421875 2049.8232937738094 0.0
522 95731.39308564295 49473.421875 2049.8491007137627 0.0
523 95724.08238672756 49473.421875 2049.874916475391 0.0
524 95716.91272094008 49473.421875 2049.900234376992 0.0
525 95709.44666908705 49473.421875 2049.926594782279 0.0
526 95702.12906030822 49473.421875 2049.9524354086643 0.0
527 95694.809308336 49473.421875 2049.978283756585 0.0
528 95687.48749252188 49473.421875 2050.004139497843 0.0
529 95680.16369301127 49473.421875 2050.030002451501 0.0
530 95674.70550226362 49473.421875 2050.04927741355 0.0
531 95667.2274940454 49473.421875 2050.0756810074563 0.0
532 95660.03146732145 49473.421875 2050.1010868592707 0.0
533 95652.69732165476 49473.421875 2050.126984789494 0.0
534 95645.07763166865 49473.421875 2050.1533856657647 0.0
535 95637.4562983301 49473.421875 2050.1803001327253 0.0
536 95629.68956966617 49473.421875 2050.207728254936 0.0
537 95622.063984873 49473.421875 2050.2346538700476 0.0
538 95614.71998040064 49473.421875 2050.2610977121335 0.0
539 95607.38082883961 49473.421875 2050.2870164313026 0.0
540 95600.04056793824 49473.421875 2050.31293923908 0.0
541 95592.69927751855 49473.421875 2050.338865825622 0.0
542 95585.3570365085 49473.421875 2050.364795959932 0.0
543 95578.15791612258 49473.421875 2050.3902207672854 0.0
544 95570.81403005461 49473.421875 2050.416157003878 0.0
545 95563.4694325946 49473.421875 2050.4420959080685 0.0
546 95556.12420435308 49473.421875 2050.4680372054527 0.0
547 95548.77842526557 49473.421875 2050.49398060303 0.0
548 95541.4321752591 49473.421875 2050.519925827084 0.0
549 95534.08553451218 49473.421875 2050.545872575307 0.0
550 95525.53959383932 49473.421875 2050.5760554980607 0.0
551 97728.57289250859 49473.421875 2042.8034058535789 0.0
552 94215.94437927904 49473.421875 2055.2036771041226 0.0
553 94285.0058068547 49473.421875 2058.4464261000826 0.0
554 95985.75478699757 49473.421875 2048.950980296821 0.0
555 96361.35528966878 49473.421875 2047.6258934808825 0.0
556 93657.96916960063 49473.421875 2057.176654927006 0.0
557 97735.76897547534 49473.421875 2042.7779579409093 0.0
558 94336.59397054696 49473.421875 2056.000976013922 0.0
559 95431.56218832801 49473.421875 2050.9079755137845 0.0
560 97165.87527814752 49473.421875 2045.9215992808038 0.0
561 93363.73157593014 49473.421875 2058.464555157115 0.0
562 96217.25768498017 49473.421875 2046.729914229813 0.0
563 96904.08351385035 49473.421875 2046.9980978021904 0.0
564 93299.72588999697 49473.421875 2058.439737417987 0.0
565 96912.49223448953 49473.421875 2045.6805094201907 0.0
566 95640.93237128388 49473.421875 2050.1688409192616 0.0
567 97616.59474681737 49473.421875 2043.1977597585246 0.0
568 97614.21407380677 49473.421875 2043.2061497787786 0.0
569 95534.61905501946 49473.421875 2050.5440167285046 0.0
570 97624.194848279 49473.421875 2043.1709759167748 0.0
571 97735.84180631593 49473.421875 2042.7777314068312 0.0
572 93310.70672070782 49473.421875 2058.4047131402854 0.0
573 95346.78472332098 49473.421875 2051.2072730200243 0.0
574 97735.75423470093 49473.421875 2042.778065585974 0.0
575 96783.7707996422 49473.421875 2046.1345630558365 0.0
576 93614.5547139775 49473.421875 2057.3302170043994 0.0
577 94479.98360144172 49473.421875 2054.269462559664 0.0
578 97538.64957785455 49473.421875 2043.4732649301538 0.0
579 94900.60015145759 49473.421875 2052.7837590587205 0.0
580 93419.01829351485 49473.421875 2058.021023857826 0.0
581 96388.67095206003 49473.421875 2047.5294819146425 0.0
582 97504.43390495027 49473.421875 2043.593087951983 0.0
583 94409.601652532 49473.421875 2054.5190846695064 0.0
584 93657.60145817534 49473.421875 2057.1769886219736 0.0
585 96848.57043411059 49473.421875 2045.907022479161 0.0
586 97213.4505959393 49473.421875 2044.6190713386889 0.0
587 93981.70992828801 49473.421875 2056.031846485974 0.0
588 94972.48297655932 49473.421875 2054.3308535388096 0.0
589 97563.70410260896 49473.421875 2043.3841659246166 0.0
590 97553.60613108252 49473.421875 2043.419758266374 0.0
591 97420.09823722462 49473.421875 2043.8774134616585 0.0
592 97092.49198999954 49473.421875 2045.0114931391736 0.0
593 94570.46785972686 49473.421875 2053.950463838812 0.0
594 96654.06229148328 49473.421875 2047.0367736078726 0.0
595 94085.6847365275 49473.421875 2055.664203354514 0.0
596 97204.27528539428 49473.421875 2044.6524170861735 0.0
597 93613.76214146742 49473.421875 2057.332986073455 0.0
598 97576.68321685761 49473.421875 2043.3391463855269 0.0
599 93316.03897752624 49473.421875 2058.3858377777856 0.0
600 97736.00960975548 49473.421875 2042.7771089327632 0.0
601 93322.42099266639 49473.421875 2058.3629254109856 0.0
602 97613.30696229986 49473.421875 2043.20934216455 0.0
603 93393.08117056114 49473.421875 2058.1128296943016 0.0
604 94322.84838575311 49473.421875 2054.825235855625 0.0
605 94329.07198162284 49473.421875 2054.8028070540918 0.0
606 94335.43090505071 49473.421875 2054.7803309508067 0.0
607 94341.92585675092 49473.421875 2054.757807795252 0.0
608 94348.31166991557 49473.421875 2054.735237837355 0.0
609 94354.83387651294 49473.421875 2054.712185915917 0.0
610 94360.98484380322 49473.421875 2054.690001601607 0.0
611 94367.40252149827 49473.421875 2054.6673143377257 0.0
612 94373.7165395749 49473.421875 2054.6449977287402 0.0
613 94379.91881275829 49473.421875 2054.623076260562 0.0
614 94386.25736454979 49473.421875 2054.6006732336045 0.0
615 97043.57894757378 49473.421875 2045.2191448478163 0.0
616 93772.74868568638 49473.421875 2056.7707254118995 0.0
617 97384.66033263411 49473.421875 2044.0162712773786 0.0
618 93420.34747295431 49473.421875 2058.01698347069 0.0
619 97700.11907957622 49473.421875 2042.9038047506053 0.0
620 93289.78579331934 49473.421875 2058.4785608353022 0.0
621 97712.76500713511 49473.421875 2042.8588842079942 0.0
622 93395.07676680142 49473.421875 2058.1057501261257 0.0
623 97494.85650309199 49473.421875 2043.6268314945326 0.0
624 93724.91739982972 49473.421875 2056.938879297239 0.0
625 96963.11758569302 49473.421875 2045.5018989784796 0.0
626 94365.0608505425 49473.421875 2054.675591142342 0.0
627 96479.34696128464 49473.421875 2047.2087078724355 0.0
628 94896.78403408837 49473.421875 2052.796694055637 0.0
629 95787.51286946016 49473.421875 2049.6508857592353 0.0
630 95614.0086848773 49473.421875 2050.2636866479306 0.0
631 95066.03488723235 49473.421875 2052.199219904436 0.0
632 96319.852094159 49473.421875 2047.7723053697653 0.0
633 95524.13453342766 49473.421875 2050.580990036327 0.0
634 94607.73966267623 49473.421875 2053.8187120649927 0.0
635 94601.02474621171 49473.421875 2053.842445032454 0.0
636 94594.31974765472 49473.421875 2053.866143067619 0.0
637 94587.75591874018 49473.421875 2053.8893423074455 0.0
638 94581.07078066643 49473.421875 2053.9129703854555 0.0
639 94574.52656447783 49473.421875 2053.936100517517 0.0
640 94567.86157390312 49473.421875 2053.959657611378 0.0
641 94561.07648559927 49473.421875 2053.983639275217 0.0
642 94554.3021667219 49473.421875 2054.007583006594 0.0
643 94547.66865758423 49473.421875 2054.0310292068634 0.0
644 94541.04565326578 49473.421875 2054.0544383768547 0.0
645 94534.43322696385 49473.421875 2054.077810256431 0.0
646 94527.83145233511 49473.421875 2054.101144615302 0.0
647 94521.24040181423 49473.421875 2054.1244411613584 0.0
648 94514.66014846275 49473.421875 2054.1476996520923 0.0
649 94508.0907643243 49473.421875 2054.170919876354 0.0
650 94501.53232071025 49473.421875 2054.194101461578 0.0
651 94494.98489191744 49473.421875 2054.2172442717397 0.0
652 94488.4485489988 49473.421875 2054.2403480079283 0.0
653 94481.92336446326 49473.421875 2054.263412433351 0.0
654 94475.4094096577 49473.421875 2054.286437253839 0.0
655 94468.90675643343 49473.421875 2054.3094222382438 0.0
656 94462.41547658655 49473.421875 2054.331917589763 0.0
657 94455.93564159737 49473.421875 2054.3552716158756 0.0
658 94449.46732267865 49473.421875 2054.378135552018 0.0
659 94442.88410484337 49473.421875 2054.401405723428 0.0
660 94436.43926190538 49473.421875 2054.424186895212 0.0
661 94430.00615027663 49473.421875 2054.446926664958 0.0
662 94423.5848401679 49473.421875 2054.469624831925 0.0
663 94417.17540361779 49473.421875 2054.4922811478364 0.0
664 94410.77790962078 49473.421875 2054.5148953827634 0.0
665 94404.39242981665 49473.421875 2054.5374672297785 0.0
666 94398.1438865381 49473.421875 2054.5595551184083 0.0
667 94391.78240622324 49473.421875 2054.5820423382243 0.0
668 94385.43315069587 49473.421875 2054.604486429457 0.0
669 94379.09618815198 49473.421875 2054.6268871665943 0.0
670 94372.77158898185 49473.421875 2054.64924429159 0.0
671 94366.45942173747 49473.421875 2054.6715575944636 0.0
672 94360.15975733614 49473.421875 2054.693826798488 0.0
673 94353.62637044128 49473.421875 2054.716486969616 0.0
674 94347.35241742723 49473.421875 2054.7391007935466 0.0
675 94341.19926051609 49473.421875 2054.760844046178 0.0
676 94334.8281576141 49473.421875 2054.78336615437 0.0
677 94328.5925529428 49473.421875 2054.8054094023228 0.0
678 94322.49175756995 49473.421875 2054.826976201453 0.0
679 94316.28180612414 49473.421875 2054.8489289311647 0.0
680 94310.08491112257 49473.421875 2054.870835617357 0.0
681 94303.90114143968 49473.421875 2054.892696032084 0.0
682 94297.84414506063 49473.421875 2054.9141041132607 0.0
683 94291.68656830897 49473.421875 2054.9358720682017 0.0
684 94285.42197697854 49473.421875 2054.9580184263214 0.0
685 94279.29138633772 49473.421875 2054.97969118666 0.0
686 94273.29407349904 49473.421875 2055.0008928698953 0.0
687 94267.19021319912 49473.421875 2055.022471278442 0.0
688 94261.09995165409 49473.421875 2055.0440017281517 0.0
689 94255.02335323906 49473.421875 2055.065483932549 0.0
690 94248.96048779949 49473.421875 2055.086917712512 0.0
691 94242.91142239829 49473.421875 2055.1083028163994 0.0
692 94236.87622234633 49473.421875 2055.1296389913196 0.0
693 94230.854954293 49473.421875 2055.150925981946 0.0
694 94224.88210449426 49421.625 2058.2955091601953 2000000.0
695 94224.05763473501 48761.23828125 2098.6513590909112 2000000.0
696 94229.07944047789 48113.80078125 2139.5284164220116 2000000.0
697 94235.80796070199 47453.4140625 2181.978824710201 2000000.0
698 94242.6485420703 46793.02734375 2224.9613190010687 2000000.0
699 94250.4345760378 46119.6875 2269.3324913083666 2000000.0
700 94260.13185153657 45459.3046875 2313.5159240059256 2000000.0
701 94272.44705323549 44798.9140625 2358.456645613247 2000000.0
702 94287.06270880904 44138.5234375 2404.0841988575266 2000000.0
703 94303.95694644575 43478.13671875 2450.303982136429 2000000.0
704 94324.666452292 42804.80078125 2498.072320541783 2000000.0
705 94349.7578685697 42144.4140625 2545.7249169382453 2000000.0
706 94379.87187800952 41484.02734375 2594.237953841714 2000000.0
707 94414.55195145006 40823.640625 2643.4991284933703 2000000.0
708 94454.22399854613 40163.25 2693.421368858249 2000000.0
709 94500.47397264908 39502.86328125 2744.118945044154 2000000.0
710 94554.50632051856 38842.4765625 2795.7955916743276 2000000.0
711 94616.03311742085 38182.08984375 2848.435806307993 2000000.0
712 94684.6469942776 37521.703125 2901.8718732963507 2000000.0
713 94761.57099660381 36861.3125 2956.0832644672 2000000.0
714 94848.78667408414 36200.92578125 3011.3258223394346 2000000.0
715 94946.51083938708 35540.5390625 3067.7525900100923 2000000.0
716 95052.87819816254 35177.97265625 3099.022469420871 0.0
717 95167.78619311238 35177.97265625 3098.753590992283 0.0
718 95291.37237914035 35177.97265625 3098.464499005706 0.0
719 95420.96368702501 35177.97265625 3098.161431000874 0.0
720 95499.94662460324 35177.97265625 3097.9767584213455 0.0
721 95648.58188022557 35177.97265625 3097.629335704451 0.0
722 95803.11051381251 35177.97265625 3097.2682374053074 0.0
723 95972.86757584964 35177.97265625 3096.8793766280455 0.0
724 96151.96070956229 35177.97265625 3096.4615918405902 0.0
725 96340.38060504524 35177.97265625 3096.0222034222443 0.0
726 96538.11747894296 35177.97265625 3095.561260565461 0.0
727 96728.92497391219 2259.0 3095.5094506698083 0.0
728 96936.26825743809 2259.0 3095.0261633214895 0.0
729 97152.2074809128 2259.0 3094.5230895335762 0.0
730 97376.7452929744 2259.0 3094.0002128777423 0.0
731 97609.86447680823 2259.0 3093.4576212314037 0.0
732 97851.55390956264 2259.0 3092.8953702686367 0.0
733 98101.80207706196 2259.0 3092.3135175936104 0.0
734 98360.59707597736 2259.0 3091.7121227053076 0.0
735 98627.92661647405 2259.0 3091.0912469219647 0.0
736 98903.77802469057 2259.0 3090.450953462549 0.0
737 99182.48085529462 2259.0 3089.8044271901144 0.0
738 99475.17000988859 2259.0 3089.125872800439 0.0
739 99776.34100744466 2259.0 3088.4280999252155 0.0
740 100085.98965019267 2259.0 3087.7112688189723 0.0
741 100404.11910769716 2259.0 3086.975184875323 0.0
742 100737.17427049077 2259.0 3086.2200990796855 0.0
743 101072.32979120442 2259.0 3085.4307217270402 0.0
744 101415.89225361403 2259.0 3084.6374920325666 0.0
745 101767.84565243672 2259.0 3083.82549399336 0.0
746 8501571.116047982 2259.0 2685.7428797512334 0.0
747 78245054.08167201 2259.0 22971.407741604457 0.0
748 13601562088.140205 2259.0 187644.93624256985 0.0
749 13601565458.468151 2259.0 187644.9878066957 0.0
750 13601601234.043003 2259.0 187645.35721599578 0.0
751 13608609988.941645 2259.0 187748.23666935274 0.0
752 13630544673.291931 2259.0 188088.32298439578 0.0
753 13664936412.274656 2259.0 188614.33804438048 0.0
754 13712896079.249453 2259.0 189347.6492728078 0.0
755 13773503026.281292 2259.0 190273.97163579753 0.0
756 13846308865.296478 2259.0 191386.20701866195 0.0
757 13930788492.719193 2259.0 192676.05835690512 0.0
758 14024374308.96707 2259.0 194104.0569704609 0.0
759 14130174288.624743 2259.0 195717.32788213016 0.0
760 14245733982.669632 2259.0 197478.1150977565 0.0
761 14370331172.422081 2259.0 199375.12162781061 0.0
762 14503221566.852499 2259.0 201396.7406810026 0.0
763 14643648769.686232 2259.0 203531.21428162503 0.0
764 14790853310.592058 2259.0 205766.77560832124 0.0
765 14944080635.540194 2259.0 208091.77353507455 0.0
766 15102587969.50191 2259.0 210494.7782615369 0.0
767 15265650075.501535 2259.0 212964.66862452 0.0
768 15432563923.19617 2259.0 215490.7015921821 0.0
769 15602652350.177567 2259.0 218062.56547815268 0.0
770 15775266791.905745 2259.0 220670.41831554525 0.0
771 15946352615.464731 2259.0 223253.0573525458 0.0
772 16125633178.004858 2259.0 225957.21299409296 0.0
773 16302244663.56467 2259.0 228618.99435461417 0.0
774 16479101886.694529 2259.0 231282.4457930155 0.0
775 16655715071.440704 2259.0 233940.2582856247 0.0
776 16831625738.58067 2259.0 236585.61155274304 0.0
777 17006405764.71102 2259.0 239212.15667173496 0.0
778 17176276279.708984 2259.0 241763.25244799475 0.0
779 17347666932.70896 2259.0 244335.55974215412 0.0
780 17516819244.388264 2259.0 246872.7276130674 0.0
781 17683413560.723743 2259.0 249370.0710431274 0.0
782 17847154008.37049 2259.0 251823.2656492564 0.0
783 18007767067.064655 2259.0 254228.32465938953 0.0
784 18165000166.310024 2259.0 256581.57648819376 0.0
785 18318620324.294872 2259.0 258879.64315668566 0.0
786 18468412831.51293 2259.0 261119.41957505193 0.0
787 18614179993.483852 2259.0 263298.0538793319 0.0
788 18755739934.1311 2259.0 265412.9288259927 0.0
789 18892925470.196243 2259.0 267461.64437832386 0.0
790 19025583043.386097 2259.0 269442.0012729924 0.0
791 19153571726.246956 2259.0 271351.98578412744 0.0
792 19276762292.251534 2259.0 273189.7555314896 0.0
793 19395036348.737087 2259.0 274953.6262997168 0.0
794 19508285533.911934 2259.0 276642.059873286 0.0
795 19616410772.96884 2259.0 278253.65280572197 0.0
796 19719321590.673706 2259.0 279787.1260729674 0.0
797 19816935479.30542 2259.0 281241.31558769103 0.0
798 19909177317.89366 2259.0 282615.16350650357 0.0
799 19995978840.509106 2259.0 283907.71029169025 0.0
800 20077278149.602764 2259.0 285118.08746276546 0.0
801 20153019271.508842 2259.0 286245.51099072467 0.0
802 20223151756.719345 2259.0 287289.27536864596 0.0
803 20287630314.324657 2259.0 288248.74820047145 0.0
804 20346414484.486443 2259.0 289123.3653605808 0.0
805 20399468345.06459 2259.0 289912.6266649381 0.0
806 20446760250.73274 2259.0 290616.0920272945 0.0
807 20489018334.350048 2259.0 291244.6179427606 0.0
808 20525232467.78901 2259.0 291783.203110487 0.0
809 20554858995.950886 2259.0 292223.78432178026 0.0
810 20577812988.270832 2259.0 292565.1175299166 0.0
811 20595955572.849873 2259.0 292834.8912969885 0.0
812 20608225195.19546 2259.0 293017.3297304049 0.0
813 20614615238.29348 2259.0 293112.3413022567 0.0
814 20615122270.048813 2259.0 293119.8785534727 0.0
815 20609746017.89792 2259.0 293039.93772231886 0.0
816 20598489369.031574 2259.0 292872.55874745565 0.0
817 20581750698.400974 2259.0 292623.6591774488 0.0
818 20558869566.42215 2259.0 292283.40905861894 0.0
819 20530135694.47049 2259.0 291856.1035714975 0.0
820 20495564981.517933 2259.0 291341.96296402375 0.0
821 20455176824.032402 2259.0 290741.25613164867 0.0
822 20408994259.79914 2259.0 290054.3027264973 0.0
823 20357044135.523575 2259.0 289281.4756178413 0.0
824 20299357303.042015 2259.0 288423.2037751924 0.0
825 20235968844.301487 2259.0 287479.975578136 0.0
826 20168326405.40768 2259.0 286473.2996788544 0.0
827 20093767860.194004 2259.0 285363.51726086467 0.0
828 20015264332.9325 2259.0 284194.8098957695 0.0
829 19929729507.933628 2259.0 282921.18296312937 0.0
830 19838739509.904793 2259.0 281566.04653308046 0.0
831 19742361089.111065 2259.0 280130.33845920267 0.0
832 19640667737.230938 2259.0 278615.09320531663 0.0
833 19533740204.04736 2259.0 277021.44955652836 0.0
834 19421667068.280594 2259.0 275350.6591574994 0.0
835 19304545358.973568 2259.0 273604.0958313198 0.0
836 19182481225.345802 2259.0 271783.26565678546 0.0
837 19055590673.465813 2259.0 269889.81807924906 0.0
838 18931242908.397194 2259.0 268033.68641731713 0.0
839 18901938550.108418 2259.0 267596.1702285813 0.0
840 18901937203.67918 2259.0 267596.1501254844 0.0
841 18901935857.249496 2259.0 267596.13002238073 0.0
842 18901934510.819355 2259.0 267596.1099192702 0.0
843 18901933164.388756 2259.0 267596.08981615276 0.0
844 18901931817.95771 2259.0 267596.06971302844 0.0
845 18901930471.5262 2259.0 267596.0496098973 0.0